492,267;500,273;513,282;532,292;557,302;587,311;621,320;655,327;680,332;700,335;712,339;719,339;721,340;722,340;725,341;726,343;726,344;729,345;730,348;736,356;738,358;741,360;745,364;750,366;755,369;757,369;758,369;759,369;759,369;761,369;761,369;761,369;761,369;761,369;761,369;761,369;761,369;761,369;761,369;761,369;761,372;761,372;761,372;761,372;761,372;761,372;761,372;761,372;761,372;761,372;761,372;758,370;755,370;755,370;755,369;755,369;755,369;755,369;755,369;755,369;755,369;755,369;755,369;762,369;767,370;772,372;774,372;775,372;775,372;775,372;775,372;775,372;775,372;775,372;775,372;775,372;775,372;775,372;775,372;773,372;773,372;772,372;772,372;772,372;772,372;772,372;771,372;771,372;771,372;769,372;769,372;769,371;769,371;769,371;769,371;769,371;769,371;769,371;769,371;769,371;769,371;769,371;769,371;769,371;769,371;769,371;769,371;769,371
769,371;764,366;755,358;741,348;721,335;695,311;663,282;626,256;582,226;536,197;485,166;437,142;394,119;356,101;327,89;297,75;274,64;255,55;239,48;227,43;218,39;211,38;204,35;197,31;190,29;181,26;169,23;158,22;151,22;145,22;143,22;141,22;139,22;136,22;135,24;134,24;134,24;134,24;134,24;134,24;134,24;134,24;134,24;134,24;134,24;134,24;134,24;134,24
137,30;150,47;165,64;185,88;206,116;227,143;248,172;265,198;281,227;292,247;297,260;300,269;301,277;303,285;304,290;305,294;306,298;306,299;308,303;309,309;311,313;313,316;315,323;318,328;321,335;324,343;326,347;327,348;327,349;328,351;328,352;329,356;330,357;330,357;330,357;330,357;330,357;330,357;330,357;330,357;330,357;330,357;330,357
330,353;330,344;327,336;323,329;316,324;307,320;297,316;282,314;264,311;243,310;222,308;200,308;179,308;162,308;144,308;134,308;126,308;120,308;117,308;111,308;105,308;98,306;89,306;82,304;76,303;73,302;72,302;71,302;71,302;71,302;70,302;67,302;64,302;63,302;63,302;63,302;63,302;63,302;63,302;63,302;63,302;63,302
67,302;74,302;83,306;93,311;99,316;102,322;104,327;106,332;106,337;106,344;106,348;106,355;106,361;106,370;106,379;108,389;108,403;108,415;108,423;108,431;107,435;107,440;106,443;106,445;105,448;105,449;105,450;104,452;104,454;103,456;102,460;101,461;100,464;100,465;100,465;100,465;100,465;100,465;100,465;100,465;100,465
101,461;104,456;110,447;120,436;129,422;137,407;146,391;158,370;173,335;188,300;208,277;229,264;251,256;271,249;287,243;302,237;313,233;321,230;329,226;334,222;336,219;336,219;336,219;338,219;344,223;354,231;366,239;376,247;384,252;391,255;392,256;393,256;393,256;393,256;393,256;393,256;393,256;393,252;393,248;392,243;391,239;390,237;390,237;390,237;390,237;390,237;390,237;390,237;390,237;390,237
389,238;389,239;386,239;375,240;356,240;330,235;299,226;256,214;214,202;175,190;142,181;116,172;99,164;92,160;90,157;89,156;86,155;85,153;84,152;84,152;83,151;82,149;80,147;79,144;75,142;72,140;70,139;70,139;69,139;69,139;69,139;69,139;69,139;69,139;69,139;69,139
70,139;79,142;95,147;116,154;144,162;183,172;218,185;250,197;279,210;303,226;320,238;334,248;346,256;357,265;365,272;367,273;367,273;356,273;332,268;294,261;252,253;201,244;158,235;118,227;97,222;89,216;88,215;88,215;87,214;84,211;81,209;77,206;72,201;67,197;63,193;58,189;50,185;44,181;40,180;39,178;39,178;39,178;39,178;39,178;39,178;39,178;39,178
39,180;42,181;47,187;58,193;71,206;88,223;110,246;135,273;158,302;185,344;204,372;217,390;225,400;225,402;225,402;225,402;225,403;225,406;227,412;230,419;233,428;239,437;246,446;250,452;251,456;252,456;252,456;253,457;254,457;254,458;254,458;254,458;254,458;254,458;254,458;254,458;254,458;254,458;254,458
254,457;254,450;252,441;250,429;246,413;242,395;238,375;237,356;238,332;247,310;263,299;284,298;308,299;342,306;382,319;425,331;464,345;494,357;515,368;528,374;533,379;535,381;537,382;539,385;541,385;545,387;546,389;548,389;548,389;548,389;548,389;549,389;550,389;550,389;550,389;553,389;554,389;560,389;566,390;571,391;575,393;578,394;579,394;579,394;579,394;579,394;579,394;579,394;579,394;579,394;579,394
575,394;571,392;565,391;559,389;550,386;541,382;524,377;504,373;475,367;440,363;400,359;364,357;329,356;292,356;253,354;217,354;179,354;149,354;118,355;100,356;89,356;84,356;82,356;79,356;74,356;67,353;59,350;51,345;46,341;40,336;33,331;25,327;18,323;16,320;13,319;13,319;13,319;13,319;13,319;13,319;13,319;13,319;13,319;13,319;13,319;13,319
16,322;18,323;21,326;26,328;33,331;46,337;64,344;87,351;117,357;156,365;208,376;263,385;320,395;384,407;438,416;484,424;515,429;535,433;542,435;542,435;542,435;542,435;542,435;542,435;542,435;542,435;542,435;542,439;540,443;537,448;534,456;532,462;532,471;532,477;532,479;532,479;532,479;532,479;532,479;532,479;532,479;532,479;532,479;532,479;532,479;532,479
530,479;527,477;519,473;500,465;470,452;428,433;381,411;332,386;282,358;235,332;193,303;155,279;129,261;108,245;97,232;91,224;88,219;87,216;85,214;83,212;81,210;76,207;70,202;60,197;48,189;37,181;27,173;21,168;17,165;16,164;16,164;16,163;16,163;16,163;16,163;16,163;16,163;16,163;16,163;16,163;16,163;16,163;16,163
16,164;25,172;43,190;68,215;100,248;145,294;189,344;229,387;265,429;296,462;318,485;330,496;334,500;334,500;334,502;335,502;336,504;338,507;340,511;342,516;344,520;347,525;352,534;357,544;361,549;362,551;362,551;362,551;362,551;362,551;362,551;362,551;362,551;362,551;362,551;362,551;362,551;362,551
